0 0.26953125 0.40234375 0.1234375 0.1328125
0 0.4609375 0.340625 0.603125 0.43203125
0 0.34921875 0.384375 0.3671875 0.346875
0 0.39375 0.821875 0.10546875 0.14140625
0 0.4796875 0.775 0.27734375 0.334375
0 0.4046875 0.6921875 0.096875 0.11875
0 0.471875 0.76328125 0.1 0.1390625
0 0.49140625 0.88046875 0.1046875 0.1296875
0 0.5 0.6671875 0.1 0.12109375
0 0.565625 0.775 0.10625 0.14140625
0 0.6609375 0.5890625 0.134375 0.15625
0 0.709375 0.75 0.13203125 0.16640625
0 0.790625 0.61640625 0.11875 0.1578125