36 0.08046875 0.6578125 0.1359375 0.23125
36 0.15859375 0.45234375 0.1515625 0.2078125
36 0.190625 0.2734375 0.153125 0.20625
36 0.20625 0.734375 0.16015625 0.21953125
36 0.190625 0.609375 0.06875 0.075
36 0.28203125 0.509375 0.1046875 0.19609375
36 0.2921875 0.10625 0.12578125 0.190625
36 0.3421875 0.84375 0.1625 0.12734375
36 0.30625 0.2890625 0.06953125 0.12890625
36 0.32734375 0.6796875 0.0640625 0.19921875
36 0.37265625 0.2 0.1078125 0.16875
36 0.37578125 0.34140625 0.0828125 0.0921875
36 0.40078125 0.46875 0.1109375 0.184375
36 0.44140625 0.65859375 0.1765625 0.2984375
36 0.4515625 0.8984375 0.07421875 0.06171875
36 0.528125 0.30546875 0.16484375 0.2359375
36 0.55625 0.784375 0.2 0.24921875
36 0.5671875 0.465625 0.134375 0.22265625
36 0.58984375 0.9328125 0.1796875 0.13359375
36 0.64375 0.5640625 0.20234375 0.28515625
36 0.640625 0.0984375 0.1625 0.19609375
36 0.734375 0.803125 0.21015625 0.31171875
36 0.7296875 0.30078125 0.18671875 0.2328125
36 0.7828125 0.46484375 0.12421875 0.1671875
36 0.8109375 0.62578125 0.121875 0.1453125
36 0.81953125 0.96484375 0.1234375 0.0671875
36 0.88671875 0.2375 0.1390625 0.19765625
36 0.925 0.74609375 0.15 0.2765625
36 0.925 0.4171875 0.13671875 0.228125
36 0.93828125 0.5609375 0.1078125 0.071875
36 0.94453125 0.8875 0.1078125 0.2125
36 0.978125 0.21953125 0.04375 0.1609375