41 0.5265625 0.0453125 0.065625 0.090625
41 0.5453125 0.88515625 0.08671875 0.2296875
41 0.5453125 0.428125 0.07421875 0.23984375
41 0.58515625 0.09609375 0.1078125 0.1921875
41 0.5953125 0.9140625 0.103125 0.16953125
41 0.59453125 0.5109375 0.1015625 0.259375
41 0.64453125 0.4359375 0.0734375 0.22109375
41 0.646875 0.86484375 0.06640625 0.2046875
41 0.6453125 0.05234375 0.05625 0.1046875
41 0.7203125 0.05859375 0.05625 0.1171875
41 0.7328125 0.83125 0.06640625 0.20234375
41 0.7390625 0.4375 0.06328125 0.203125
41 0.76328125 0.096875 0.0890625 0.19375
41 0.76953125 0.8859375 0.0921875 0.228125
41 0.81875 0.43125 0.06171875 0.19453125
41 0.81796875 0.8140625 0.0546875 0.165625
41 0.8171875 0.06875 0.05078125 0.1375
41 0.88125 0.0703125 0.05859375 0.140625
41 0.88125 0.784375 0.05625 0.19453125
41 0.8859375 0.4203125 0.05078125 0.2125
41 0.915625 0.8328125 0.07421875 0.203125
41 0.91484375 0.121875 0.0671875 0.20234375
41 0.9203125 0.4859375 0.06875 0.21953125
41 0.946875 0.0734375 0.05625 0.146875
41 0.9546875 0.77109375 0.05078125 0.1609375
41 0.9546875 0.4203125 0.04296875 0.18046875