36 0.60625 0.66875 0.11953125 0.05546875
36 0.29453125 0.615625 0.1015625 0.03046875
36 0.296875 0.653125 0.103125 0.04609375
36 0.36796875 0.6140625 0.0546875 0.05078125
36 0.3703125 0.659375 0.04296875 0.04765625
36 0.428125 0.61328125 0.071875 0.0640625
36 0.446875 0.66953125 0.10625 0.0546875
36 0.4609375 0.5765625 0.046875 0.02734375
36 0.5046875 0.590625 0.06640625 0.04296875
36 0.5375 0.615625 0.08515625 0.04296875
36 0.51171875 0.6703125 0.0234375 0.0375
36 0.6453125 0.6203125 0.103125 0.053125