31 0.03203125 0.17265625 0.0640625 0.0765625
31 0.06015625 0.26640625 0.1203125 0.1390625
31 0.07265625 0.08671875 0.1453125 0.1203125
31 0.14453125 0.15859375 0.1609375 0.1640625
31 0.49296875 0.42109375 0.5796875 0.4578125
31 0.38359375 0.175 0.2015625 0.084375
31 0.4234375 0.77578125 0.253125 0.2453125
31 0.39140625 0.08203125 0.1671875 0.1640625
31 0.5609375 0.1078125 0.165625 0.2125
31 0.72890625 0.665625 0.1640625 0.23125
31 0.82421875 0.1109375 0.2046875 0.221875
31 0.959375 0.18203125 0.078125 0.1703125
31 0.96328125 0.05625 0.0703125 0.1125