53 0.809375 0.409375 0.14375 0.075
53 0.35390625 0.509375 0.1203125 0.08203125
53 0.365625 0.44140625 0.09453125 0.0703125
53 0.421875 0.4640625 0.09765625 0.071875
53 0.46875 0.4390625 0.1 0.06640625
53 0.478125 0.51484375 0.11640625 0.0703125
53 0.5546875 0.290625 0.10703125 0.07421875
53 0.5625 0.2203125 0.11328125 0.075
53 0.634375 0.253125 0.10390625 0.06640625
53 0.6640625 0.3046875 0.09765625 0.075
53 0.6703125 0.221875 0.1 0.05859375
53 0.7765625 0.2671875 0.12578125 0.084375
53 0.775 0.34375 0.090625 0.084375
53 0.79375 0.50625 0.09765625 0.08125
53 0.8375 0.30390625 0.11328125 0.0796875
53 0.884375 0.46796875 0.10703125 0.0734375
53 0.90078125 0.25625 0.1390625 0.071875
53 0.903125 0.34140625 0.14453125 0.0984375
53 0.92109375 0.5015625 0.1328125 0.08125
53 0.93125 0.4203125 0.13671875 0.078125