0 0.5265625 0.8140625 0.15625 0.10625
0 0.325 0.26796875 0.47421875 0.1390625
0 0.1109375 0.66640625 0.01953125 0.0390625
0 0.1140625 0.5015625 0.02109375 0.03046875
0 0.1171875 0.52578125 0.01796875 0.0171875
0 0.31171875 0.146875 0.4046875 0.11796875
0 0.11875 0.70390625 0.01171875 0.0234375
0 0.1640625 0.0578125 0.08203125 0.06640625
0 0.1390625 0.8359375 0.021875 0.040625
0 0.1453125 0.9015625 0.03671875 0.05078125
0 0.29140625 0.465625 0.2890625 0.26171875
0 0.16953125 0.946875 0.0390625 0.03046875
0 0.39375 0.73828125 0.32421875 0.2578125
0 0.3984375 0.96953125 0.23046875 0.0609375
0 0.39140625 0.0265625 0.0640625 0.03125
0 0.478125 0.4484375 0.10703125 0.13359375
0 0.4515625 0.05390625 0.009375 0.0140625
0 0.559375 0.97734375 0.125 0.0453125
0 0.53515625 0.0078125 0.0359375 0.015625
0 0.5390625 0.071875 0.00625 0.00703125
0 0.546875 0.07578125 0.009375 0.0109375
0 0.55703125 0.01171875 0.0234375 0.0140625
0 0.7765625 0.4390625 0.446875 0.30546875
0 0.778125 0.69375 0.44375 0.25625
0 0.5609375 0.0875 0.009375 0.01640625
0 0.571875 0.0953125 0.01796875 0.009375
0 0.7484375 0.9203125 0.134375 0.06171875
0 0.7046875 0.12421875 0.015625 0.0140625
0 0.7046875 0.134375 0.015625 0.009375
0 0.8390625 0.0765625 0.25546875 0.06640625
0 0.7328125 0.13984375 0.015625 0.0140625
0 0.85 0.9671875 0.20078125 0.065625
0 0.84375 0.88671875 0.134375 0.1078125
0 0.81875 0.18125 0.02890625 0.03046875
0 0.85078125 0.18828125 0.0140625 0.0140625
0 0.859375 0.196875 0.021875 0.01875
0 0.9265625 0.903125 0.14453125 0.15
0 0.93125 0.2078125 0.11875 0.090625