42 0.203125 0.39296875 0.13125 0.1109375
42 0.1953125 0.4265625 0.07421875 0.10390625
42 0.24140625 0.4765625 0.1390625 0.11484375
42 0.25859375 0.54921875 0.1390625 0.1390625
42 0.44453125 0.46328125 0.1171875 0.1171875
42 0.44765625 0.52421875 0.0734375 0.0953125
42 0.5203125 0.56171875 0.128125 0.1484375
42 0.5625 0.6328125 0.14375 0.16171875
42 0.6984375 0.4609375 0.12578125 0.11171875
42 0.75 0.490625 0.11875 0.10546875
42 0.796875 0.54609375 0.1125 0.1234375
42 0.85 0.59375 0.15 0.15859375