37 0.88046875 0.728125 0.1859375 0.1875
37 0.00859375 0.371875 0.0171875 0.071875
37 0.01015625 0.3046875 0.0203125 0.0625
37 0.0765625 0.50078125 0.153125 0.0984375
37 0.084375 0.409375 0.134375 0.10625
37 0.08203125 0.22734375 0.1109375 0.0703125
37 0.0875 0.28203125 0.10625 0.0765625
37 0.20390625 0.7484375 0.1703125 0.184375
37 0.19140625 0.20703125 0.1078125 0.0796875
37 0.2203125 0.52890625 0.146875 0.1265625
37 0.20546875 0.31015625 0.1140625 0.0890625
37 0.19609375 0.1609375 0.0890625 0.059375
37 0.21953125 0.3734375 0.1265625 0.09375
37 0.31328125 0.234375 0.1015625 0.071875
37 0.33046875 0.28671875 0.1046875 0.0765625
37 0.35 0.41015625 0.13125 0.0953125
37 0.3828125 0.4953125 0.146875 0.125
37 0.42421875 0.2109375 0.1046875 0.06875
37 0.4515625 0.31015625 0.11875 0.0796875
37 0.48125 0.3765625 0.128125 0.1
37 0.54296875 0.23125 0.1078125 0.071875
37 0.565625 0.27734375 0.090625 0.0671875
37 0.6125 0.546875 0.153125 0.1125
37 0.66171875 0.653125 0.1515625 0.125
37 0.68828125 0.415625 0.1390625 0.10625
37 0.74765625 0.5046875 0.1515625 0.103125
37 0.75859375 0.3171875 0.1265625 0.078125
37 0.8171875 0.39375 0.13125 0.084375
37 0.86171875 0.28359375 0.1203125 0.0921875
37 0.9203125 0.540625 0.15625 0.128125
37 0.95234375 0.41875 0.0921875 0.103125
37 0.96484375 0.65078125 0.0671875 0.1515625
37 0.96953125 0.30625 0.0578125 0.078125