53 0.02265625 0.15703125 0.0453125 0.3140625
53 0.034375 0.34921875 0.06875 0.1609375
53 0.08671875 0.7609375 0.1734375 0.33359375
53 0.08984375 0.934375 0.1796875 0.13046875
53 0.12421875 0.5015625 0.2484375 0.375
53 0.0796875 0.196875 0.07734375 0.278125
53 0.2 0.2 0.253125 0.38671875
53 0.27421875 0.95390625 0.2703125 0.0921875
53 0.278125 0.7765625 0.26484375 0.42734375
53 0.38828125 0.4453125 0.2734375 0.43203125
53 0.4390625 0.171875 0.234375 0.23828125
53 0.4171875 0.975 0.15703125 0.05
53 0.52734375 0.8 0.2640625 0.4
53 0.6109375 0.4265625 0.26875 0.39375
53 0.6625 0.16875 0.24921875 0.33515625
53 0.70234375 0.834375 0.2265625 0.328125
53 0.70546875 0.54609375 0.2015625 0.2828125
53 0.853125 0.3421875 0.2375 0.38203125
53 0.83359375 0.72734375 0.1796875 0.3921875
53 0.9140625 0.6359375 0.17109375 0.31953125
53 0.940625 0.86875 0.11796875 0.259375
53 0.9765625 0.36875 0.04609375 0.259375