36 0.1421875 0.3625 0.03984375 0.05234375
36 0.1625 0.40703125 0.0375 0.0453125
36 0.1796875 0.365625 0.02734375 0.046875
36 0.190625 0.459375 0.03515625 0.05703125
36 0.2078125 0.41015625 0.04296875 0.0328125
36 0.2 0.38203125 0.021875 0.0171875
36 0.2109375 0.33984375 0.034375 0.0453125
36 0.2171875 0.540625 0.034375 0.03671875
36 0.21875 0.3921875 0.03203125 0.015625
36 0.21796875 0.4953125 0.0234375 0.06484375
36 0.228125 0.3515625 0.02734375 0.046875
36 0.24375 0.4296875 0.053125 0.040625
36 0.246875 0.5609375 0.04609375 0.05234375
36 0.24375 0.30703125 0.03125 0.0390625
36 0.2609375 0.621875 0.05859375 0.08046875
36 0.2640625 0.5078125 0.04609375 0.07265625
36 0.2640625 0.3296875 0.03515625 0.046875
36 0.2828125 0.54140625 0.05625 0.0796875
36 0.27890625 0.39296875 0.0390625 0.0484375
36 0.2953125 0.4328125 0.04375 0.05859375
36 0.3015625 0.66875 0.04609375 0.0625
36 0.2984375 0.4671875 0.02421875 0.04140625
36 0.30703125 0.3203125 0.0359375 0.02578125
36 0.31015625 0.5703125 0.0390625 0.07421875
36 0.3140625 0.334375 0.04609375 0.02734375
36 0.3078125 0.2859375 0.02734375 0.04140625
36 0.3265625 0.7171875 0.065625 0.078125
36 0.3234375 0.378125 0.05390625 0.05234375
36 0.31953125 0.50625 0.0359375 0.0375
36 0.3296875 0.7859375 0.04609375 0.05234375
36 0.33515625 0.45234375 0.0421875 0.0703125
36 0.3453125 0.6171875 0.06640625 0.053125
36 0.3375 0.2953125 0.025 0.04921875
36 0.359375 0.5546875 0.053125 0.07421875
36 0.3578125 0.3265625 0.04375 0.040625
36 0.35625 0.4125 0.03515625 0.03671875
36 0.36875 0.66875 0.05859375 0.07421875
36 0.38203125 0.834375 0.0796875 0.06640625
36 0.36875 0.4796875 0.05078125 0.06640625
36 0.3703125 0.74375 0.03984375 0.06875
36 0.36953125 0.3 0.0203125 0.03671875
36 0.3921875 0.3890625 0.04296875 0.04921875
36 0.4109375 0.6 0.07734375 0.08359375
36 0.39453125 0.3375 0.0390625 0.05234375
36 0.403125 0.7640625 0.05078125 0.07578125
36 0.4 0.3453125 0.028125 0.03671875
36 0.4078125 0.309375 0.025 0.025
36 0.4296875 0.5140625 0.06875 0.084375
36 0.4234375 0.4328125 0.05078125 0.05703125
36 0.42578125 0.71484375 0.0390625 0.0390625
36 0.4421875 0.571875 0.0625 0.03671875
36 0.42890625 0.8203125 0.0234375 0.03671875
36 0.44375 0.3453125 0.04296875 0.03671875
36 0.4484375 0.38984375 0.03984375 0.0609375
36 0.446875 0.3125 0.028125 0.02578125
36 0.46875 0.7640625 0.06875 0.078125
36 0.4609375 0.6375 0.05078125 0.07421875
36 0.459375 0.70703125 0.03203125 0.0546875
36 0.484375 0.4875 0.05078125 0.0625
36 0.48359375 0.3609375 0.0390625 0.05703125
36 0.4828125 0.3171875 0.02734375 0.03359375
36 0.484375 0.4015625 0.02421875 0.06640625
36 0.4984375 0.5375 0.04765625 0.078125
36 0.5 0.4328125 0.04609375 0.05859375
36 0.52109375 0.75234375 0.0671875 0.0609375
36 0.50625 0.33203125 0.021875 0.0390625
36 0.5296875 0.59765625 0.06328125 0.0796875
36 0.525 0.5375 0.05078125 0.02734375
36 0.525 0.67578125 0.040625 0.0546875
36 0.52421875 0.35703125 0.0203125 0.0453125
36 0.540625 0.30625 0.0375 0.040625
36 0.54375 0.471875 0.04296875 0.053125
36 0.5484375 0.3390625 0.034375 0.03515625
36 0.55390625 0.3828125 0.0453125 0.03671875
36 0.5578125 0.42265625 0.05078125 0.0546875
36 0.56875 0.53125 0.05546875 0.0375
36 0.5734375 0.715625 0.06171875 0.07265625
36 0.5640625 0.6546875 0.03046875 0.05703125
36 0.5828125 0.590625 0.040625 0.07421875
36 0.5890625 0.371875 0.04296875 0.046875
36 0.603125 0.478125 0.04765625 0.06796875
36 0.603125 0.409375 0.04609375 0.04296875
36 0.6171875 0.6625 0.059375 0.07421875
36 0.6140625 0.3609375 0.040625 0.046875
36 0.61328125 0.4359375 0.0359375 0.04296875
36 0.6375 0.60078125 0.05625 0.0640625
36 0.64375 0.54453125 0.05859375 0.0640625
36 0.6515625 0.503125 0.05 0.05234375
36 0.65390625 0.475 0.0453125 0.046875
36 0.6484375 0.446875 0.025 0.03359375
36 0.6640625 0.67421875 0.05625 0.0703125
36 0.6578125 0.4171875 0.03203125 0.0375
36 0.6765625 0.584375 0.04609375 0.046875
36 0.67890625 0.45703125 0.0390625 0.0390625
36 0.6953125 0.6265625 0.065625 0.04140625
36 0.69453125 0.48671875 0.0359375 0.0640625
36 0.725 0.5421875 0.06171875 0.07265625
36 0.72109375 0.4828125 0.0234375 0.040625
36 0.725 0.446875 0.028125 0.01796875
36 0.740625 0.5953125 0.046875 0.07265625
36 0.765625 0.4859375 0.04765625 0.05703125
36 0.771875 0.5921875 0.03515625 0.053125
36 0.7984375 0.5375 0.04609375 0.05703125