42 0.05 0.06484375 0.07734375 0.0921875
42 0.05 0.58828125 0.07421875 0.1015625
42 0.0546875 0.67734375 0.08203125 0.0796875
42 0.0578125 0.15625 0.08203125 0.09765625
42 0.0578125 0.3703125 0.07734375 0.10390625
42 0.065625 0.265625 0.071875 0.10390625
42 0.065625 0.79296875 0.07109375 0.1109375
42 0.06875 0.8796875 0.07109375 0.05703125
42 0.13515625 0.41875 0.0828125 0.09765625
42 0.1359375 0.84609375 0.06875 0.1015625
42 0.1296875 0.034375 0.04375 0.03125
42 0.14375 0.525 0.06953125 0.10859375
42 0.2203125 0.678125 0.07890625 0.084375
42 0.2171875 0.034375 0.065625 0.05
42 0.221875 0.7875 0.06875 0.10390625
42 0.21015625 0.59453125 0.0390625 0.1046875
42 0.74375 0.0625 0.06328125 0.1
42 0.83046875 0.2109375 0.0796875 0.090625
42 0.8359375 0.1078125 0.07734375 0.10859375
42 0.828125 0.32265625 0.053125 0.1046875
42 0.909375 0.06796875 0.075 0.0921875
42 0.915625 0.1484375 0.0875 0.090625
42 0.9078125 0.259375 0.06953125 0.1
42 0.921875 0.3703125 0.0875 0.08359375
42 0.9125 0.58984375 0.065625 0.1015625
42 0.925 0.478125 0.090625 0.1125
42 0.91875 0.8796875 0.06875 0.05703125
42 0.9671875 0.521875 0.03203125 0.084375