52 0.6125 0.08515625 0.0875 0.1171875
52 0.3671875 0.18515625 0.05078125 0.1421875
52 0.41796875 0.1578125 0.0890625 0.096875
52 0.4265625 0.26875 0.05625 0.12890625
52 0.47421875 0.4828125 0.0671875 0.10078125
52 0.471875 0.22734375 0.04765625 0.1421875
52 0.50703125 0.48359375 0.0828125 0.1390625
52 0.5078125 0.4109375 0.059375 0.09375
52 0.5609375 0.4671875 0.05859375 0.14609375
52 0.59921875 0.46328125 0.0703125 0.1390625
52 0.6046875 0.7421875 0.07421875 0.13359375
52 0.634375 0.725 0.07734375 0.11015625
52 0.6390625 0.68046875 0.05859375 0.0953125
52 0.65625 0.81953125 0.09296875 0.0734375
52 0.6765625 0.75 0.0625 0.12578125
52 0.715625 0.77578125 0.075 0.1140625
52 0.8703125 0.61875 0.259375 0.45390625