56 0.4203125 0.44921875 0.59765625 0.6765625
56 0.1859375 0.86875 0.28515625 0.18203125
56 0.1828125 0.94375 0.24375 0.10859375
56 0.1703125 0.590625 0.1375 0.13359375
56 0.25703125 0.378125 0.2546875 0.071875
56 0.2703125 0.29375 0.259375 0.08359375
56 0.2859375 0.21328125 0.28046875 0.1296875
56 0.2390625 0.121875 0.134375 0.078125
56 0.30390625 0.090625 0.2265625 0.09375
56 0.3953125 0.7546875 0.3625 0.20859375
56 0.4296875 0.8875 0.4 0.225
56 0.5171875 0.10703125 0.23359375 0.1015625
56 0.771875 0.55078125 0.3625 0.1484375
56 0.79609375 0.9 0.4078125 0.196875
56 0.7890625 0.7140625 0.375 0.18515625
56 0.7734375 0.09375 0.24296875 0.146875
56 0.825 0.20625 0.19140625 0.16640625
56 0.8484375 0.38359375 0.18046875 0.1453125