53 0.5765625 0.5953125 0.17265625 0.17890625
53 0.0875 0.97578125 0.05859375 0.0453125
53 0.121875 0.9234375 0.059375 0.06015625
53 0.159375 0.978125 0.053125 0.04375
53 0.178125 0.721875 0.06875 0.071875
53 0.2125 0.6578125 0.075 0.06875
53 0.2 0.784375 0.046875 0.05390625
53 0.24765625 0.79375 0.0546875 0.065625
53 0.265625 0.5640625 0.05859375 0.065625
53 0.2796875 0.7390625 0.0875 0.10234375
53 0.2859375 0.64140625 0.06328125 0.0921875
53 0.30703125 0.58203125 0.0328125 0.0515625
53 0.4515625 0.70234375 0.1625 0.2109375
53 0.5921875 0.8109375 0.12578125 0.26953125
53 0.5984375 0.4359375 0.103125 0.10859375
53 0.684375 0.49140625 0.128125 0.1921875
53 0.7640625 0.8546875 0.175 0.16875