36 0.0078125 0.509375 0.015625 0.06640625
36 0.0359375 0.63125 0.025 0.04921875
36 0.0859375 0.5703125 0.046875 0.04921875
36 0.1140625 0.3078125 0.06171875 0.078125
36 0.1921875 0.8625 0.06640625 0.08984375
36 0.2078125 0.3390625 0.059375 0.06640625
36 0.221875 0.7328125 0.084375 0.09609375
36 0.2546875 0.2359375 0.05859375 0.07578125
36 0.29140625 0.6625 0.0921875 0.11484375
36 0.3 0.2953125 0.046875 0.053125
36 0.3515625 0.7578125 0.08125 0.08828125
36 0.38125 0.353125 0.03046875 0.04921875
36 0.48984375 0.51015625 0.0859375 0.1078125
36 0.53671875 0.3921875 0.0765625 0.06640625
36 0.584375 0.74375 0.06875 0.08359375
36 0.82265625 0.634375 0.0859375 0.12109375
36 0.9046875 0.83359375 0.08125 0.1015625
36 0.90546875 0.984375 0.0703125 0.03125
36 0.928125 0.68125 0.096875 0.09609375
36 0.94453125 0.7859375 0.0703125 0.08203125
36 0.9921875 0.271875 0.01484375 0.09375