53 0.396875 0.4765625 0.103125 0.1125
53 0.0515625 0.08671875 0.090625 0.0890625
53 0.1125 0.053125 0.090625 0.078125
53 0.24140625 0.22734375 0.0609375 0.0703125
53 0.28984375 0.74765625 0.0421875 0.0546875
53 0.39765625 0.4234375 0.0859375 0.06875
53 0.4578125 0.4984375 0.046875 0.05625
53 0.48125 0.44140625 0.06875 0.0734375
53 0.49375 0.20390625 0.071875 0.0671875
53 0.54765625 0.02890625 0.0515625 0.0484375
53 0.5984375 0.04921875 0.05 0.0515625
53 0.63203125 0.31015625 0.0671875 0.0640625
53 0.65625 0.36796875 0.09375 0.0921875