41 0.13359375 0.6234375 0.0515625 0.08984375
41 0.134375 0.52890625 0.046875 0.0859375
41 0.13984375 0.7296875 0.0515625 0.09921875
41 0.1390625 0.8234375 0.04765625 0.078125
41 0.1484375 0.378125 0.05625 0.0875
41 0.14921875 0.27890625 0.0515625 0.0953125
41 0.15 0.1796875 0.053125 0.09609375
41 0.196875 0.5296875 0.053125 0.084375
41 0.19765625 0.8234375 0.0515625 0.09140625
41 0.20078125 0.628125 0.0546875 0.08984375
41 0.2 0.728125 0.04765625 0.084375
41 0.21796875 0.2734375 0.0546875 0.09609375
41 0.21875 0.3765625 0.05078125 0.09140625
41 0.2203125 0.17734375 0.05 0.0953125
41 0.25703125 0.728125 0.0578125 0.08828125
41 0.25859375 0.5328125 0.0484375 0.08046875
41 0.259375 0.6265625 0.053125 0.084375
41 0.26171875 0.8234375 0.0484375 0.0875
41 0.30625 0.3703125 0.05625 0.103125
41 0.30625 0.27578125 0.05859375 0.0921875
41 0.31171875 0.178125 0.0546875 0.08984375
41 0.31953125 0.5296875 0.0546875 0.084375
41 0.32109375 0.62890625 0.0484375 0.0796875
41 0.3234375 0.7296875 0.046875 0.08046875
41 0.325 0.821875 0.05 0.07578125
41 0.37421875 0.27421875 0.0578125 0.1015625
41 0.378125 0.37421875 0.05546875 0.0953125
41 0.38203125 0.175 0.0546875 0.0875
41 0.5265625 0.2890625 0.05625 0.08359375
41 0.528125 0.3921875 0.059375 0.08984375
41 0.528125 0.2015625 0.05625 0.06796875
41 0.53671875 0.5765625 0.0515625 0.11171875
41 0.5359375 0.7078125 0.046875 0.125
41 0.60625 0.20390625 0.05390625 0.0703125
41 0.6078125 0.29453125 0.053125 0.0796875
41 0.6109375 0.3921875 0.053125 0.08046875
41 0.61171875 0.7125 0.0515625 0.10546875
41 0.61328125 0.5765625 0.0453125 0.11171875
41 0.6890625 0.3984375 0.05625 0.08828125
41 0.6859375 0.2 0.04765625 0.0875
41 0.6875 0.5765625 0.05078125 0.11171875
41 0.68984375 0.29375 0.0484375 0.08828125
41 0.69140625 0.71484375 0.0515625 0.1015625
41 0.759375 0.7125 0.05390625 0.10546875
41 0.7640625 0.3 0.053125 0.08046875
41 0.765625 0.571875 0.05546875 0.10390625
41 0.7625 0.20859375 0.046875 0.0796875
41 0.7640625 0.39609375 0.05078125 0.0921875