0 0.234375 0.084375 0.15 0.16875
0 0.015625 0.0203125 0.03125 0.040625
0 0.1421875 0.0890625 0.084375 0.15625
0 0.16875 0.271875 0.12109375 0.13515625
0 0.2375 0.1953125 0.1 0.06015625
0 0.34296875 0.3578125 0.0859375 0.12890625
0 0.4390625 0.365625 0.10859375 0.13828125
0 0.4421875 0.96796875 0.084375 0.0609375
0 0.49609375 0.1734375 0.0953125 0.11171875
0 0.5328125 0.20390625 0.059375 0.0921875
0 0.6171875 0.9359375 0.04609375 0.08046875
0 0.80703125 0.6171875 0.3859375 0.47421875
0 0.7515625 0.1125 0.1125 0.15
0 0.95703125 0.03046875 0.0859375 0.0609375
0 0.97734375 0.3109375 0.0453125 0.14453125