52 0.38125 0.1609375 0.03125 0.05078125
52 0.4109375 0.090625 0.03515625 0.040625
52 0.4125 0.175 0.03125 0.05859375
52 0.4375 0.1890625 0.02734375 0.03828125
52 0.440625 0.059375 0.03046875 0.03515625
52 0.45 0.0984375 0.034375 0.025
52 0.45859375 0.0203125 0.0453125 0.040625
52 0.453125 0.1609375 0.03046875 0.03203125
52 0.46328125 0.05703125 0.0390625 0.0453125
52 0.46875 0.19140625 0.03984375 0.0390625
52 0.4875 0.0578125 0.0375 0.02890625
52 0.48984375 0.1703125 0.0265625 0.03828125
52 0.496875 0.2046875 0.03125 0.03359375
52 0.49453125 0.02109375 0.0234375 0.0421875
52 0.515625 0.1765625 0.03515625 0.025
52 0.515625 0.06328125 0.028125 0.0265625
52 0.528125 0.19453125 0.040625 0.0421875
52 0.52421875 0.0453125 0.0265625 0.03359375
52 0.53359375 0.165625 0.0234375 0.025
52 0.5421875 0.11015625 0.034375 0.0421875
52 0.5484375 0.06328125 0.040625 0.0390625
52 0.55390625 0.03671875 0.0359375 0.0484375
52 0.56875 0.19453125 0.03203125 0.0421875
52 0.57109375 0.22421875 0.0234375 0.0390625
52 0.5890625 0.05625 0.04609375 0.065625
52 0.5953125 0.2171875 0.03515625 0.040625
52 0.5984375 0.015625 0.03125 0.03125
52 0.6234375 0.18828125 0.03125 0.0171875
52 0.6296875 0.225 0.03203125 0.03515625
52 0.634375 0.1359375 0.01484375 0.00859375
52 0.6671875 0.215625 0.0375 0.03828125
52 0.6859375 0.146875 0.028125 0.01875
52 0.7078125 0.225 0.03515625 0.05078125
52 0.7125 0.153125 0.01640625 0.01171875
52 0.72421875 0.2140625 0.0140625 0.03203125
52 0.75 0.15234375 0.034375 0.0390625