22 0.12890625 0.4453125 0.2578125 0.203125
22 0.059375 0.2953125 0.096875 0.21640625
22 0.4203125 0.5234375 0.8 0.353125
22 0.225 0.13203125 0.234375 0.1796875
22 0.44375 0.1375 0.478125 0.275
22 0.52578125 0.309375 0.3984375 0.11875
22 0.4359375 0.1890625 0.20625 0.146875
22 0.671875 0.70234375 0.603125 0.5234375
22 0.57265625 0.7421875 0.3859375 0.375
22 0.653125 0.93828125 0.51953125 0.1234375
22 0.7046875 0.446875 0.24296875 0.21484375
22 0.7703125 0.2390625 0.134375 0.18515625
22 0.8203125 0.62734375 0.20390625 0.3234375
22 0.890625 0.42890625 0.21796875 0.2984375