15 0.0765625 0.7296875 0.06171875 0.26171875
15 0.23984375 0.03828125 0.1890625 0.0765625
15 0.31875 0.6328125 0.240625 0.41328125
15 0.58984375 0.4765625 0.1484375 0.31640625
15 0.5796875 0.9 0.121875 0.2
15 0.60546875 0.01875 0.0703125 0.0375
15 0.74140625 0.771875 0.0890625 0.22578125
15 0.76796875 0.38359375 0.1015625 0.2640625
15 0.80625 0.925 0.065625 0.14765625
15 0.80390625 0.009375 0.0390625 0.01875
15 0.8453125 0.65390625 0.06875 0.1859375
15 0.8765625 0.3109375 0.07734375 0.21953125
15 0.86640625 0.85 0.0390625 0.11015625
15 0.9046875 0.7953125 0.0375 0.09765625
15 0.909375 0.59765625 0.040625 0.1359375
15 0.946875 0.2875 0.04609375 0.15
15 0.946875 0.55625 0.03046875 0.11796875
15 0.984375 0.26875 0.03046875 0.13359375