15 0.2875 0.4671875 0.159375 0.109375
15 0.2515625 0.30546875 0.078125 0.1203125
15 0.340625 0.38828125 0.2 0.1921875
15 0.290625 0.290625 0.075 0.075
15 0.37421875 0.20859375 0.1140625 0.0359375
15 0.378125 0.29140625 0.10625 0.1671875
15 0.4484375 0.5609375 0.2 0.0875
15 0.46328125 0.48203125 0.2046875 0.1484375
15 0.52890625 0.34296875 0.1890625 0.1546875
15 0.56953125 0.44921875 0.1921875 0.0703125
15 0.5484375 0.1984375 0.14375 0.153125
15 0.63515625 0.39296875 0.1546875 0.0765625
15 0.65 0.52265625 0.175 0.1359375
15 0.6703125 0.25546875 0.1375 0.0609375
15 0.63515625 0.190625 0.0578125 0.0625
15 0.6890625 0.32421875 0.1375 0.0828125
15 0.7234375 0.4015625 0.115625 0.0875