36 0.046875 0.7328125 0.03671875 0.03203125
36 0.0765625 0.7109375 0.040625 0.03515625
36 0.07734375 0.753125 0.0171875 0.03046875
36 0.0875 0.8921875 0.021875 0.021875
36 0.109375 0.74921875 0.00625 0.0109375
36 0.1625 0.775 0.021875 0.040625
36 0.1734375 0.8734375 0.025 0.01640625
36 0.2828125 0.3296875 0.04296875 0.040625
36 0.28984375 0.7828125 0.0296875 0.05078125
36 0.29921875 0.521875 0.0328125 0.03515625
36 0.3234375 0.478125 0.04296875 0.04296875
36 0.325 0.9328125 0.040625 0.03203125
36 0.3484375 0.365625 0.03671875 0.03515625
36 0.36875 0.4484375 0.03671875 0.034375
36 0.384375 0.83125 0.0375 0.03515625
36 0.3921875 0.7921875 0.025 0.02734375
36 0.39921875 0.71640625 0.0390625 0.0546875
36 0.409375 0.4640625 0.03125 0.034375
36 0.41328125 0.81328125 0.0296875 0.0234375
36 0.4390625 0.2765625 0.084375 0.06171875
36 0.44375 0.4125 0.04921875 0.04375
36 0.4453125 0.7125 0.040625 0.040625
36 0.478125 0.575 0.04921875 0.03046875
36 0.52109375 0.2328125 0.0546875 0.01640625
36 0.509375 0.9515625 0.02578125 0.034375
36 0.53828125 0.6078125 0.0484375 0.0375
36 0.559375 0.9671875 0.03671875 0.0375
36 0.5640625 0.70234375 0.040625 0.0390625
36 0.6484375 0.3953125 0.05859375 0.03203125
36 0.6515625 0.559375 0.04296875 0.03046875
36 0.6421875 0.76484375 0.01953125 0.0296875
36 0.66796875 0.5796875 0.0609375 0.04296875
36 0.7328125 0.5078125 0.04296875 0.04296875
36 0.75546875 0.32421875 0.0546875 0.0390625
36 0.84609375 0.828125 0.0640625 0.0375
36 0.85078125 0.540625 0.0546875 0.04765625
36 0.88125 0.61875 0.03671875 0.04375
36 0.8984375 0.3515625 0.07265625 0.05
36 0.9203125 0.634375 0.02109375 0.025
36 0.94375 0.284375 0.04140625 0.025
36 0.9515625 0.325 0.05703125 0.06171875
36 0.9484375 0.88046875 0.03359375 0.0234375
36 0.9703125 0.7859375 0.05859375 0.05078125
36 0.9859375 0.3046875 0.02734375 0.04765625
36 0.99375 0.79375 0.01171875 0.03046875