12 0.7859375 0.4546875 0.39296875 0.80078125
12 0.5 0.5296875 0.39765625 0.82890625
12 0.05 0.63125 0.06640625 0.215625
12 0.0796875 0.7125 0.06796875 0.19921875
12 0.14140625 0.7328125 0.0703125 0.18984375
12 0.2015625 0.73046875 0.06015625 0.2078125
12 0.2515625 0.6984375 0.06015625 0.18046875
12 0.3109375 0.7484375 0.06171875 0.21015625
12 0.240625 0.56875 0.06796875 0.18046875
12 0.215625 0.4453125 0.06171875 0.175
12 0.15 0.40859375 0.06484375 0.1546875
12 0.1609375 0.5015625 0.05546875 0.134375