12 0.3921875 0.30625 0.27578125 0.16640625
12 0.55625 0.37265625 0.11328125 0.1078125
12 0.396875 0.546875 0.32109375 0.29609375
12 0.63125 0.6078125 0.11640625 0.13984375
12 0.7234375 0.5203125 0.31796875 0.28046875
12 0.69765625 0.3 0.2140625 0.16015625
12 0.446875 0.80390625 0.09921875 0.1515625
12 0.5546875 0.8125 0.1 0.153125
12 0.640625 0.809375 0.08359375 0.13359375
12 0.73203125 0.790625 0.1015625 0.14453125
12 0.3453125 0.77734375 0.11328125 0.1734375
12 0.29375 0.471875 0.14296875 0.08671875
12 0.49375 0.57890625 0.13046875 0.1296875
12 0.8375 0.496875 0.128125 0.09453125
12 0.60703125 0.24453125 0.1015625 0.0828125
13 0.27578125 0.06953125 0.0953125 0.0984375
13 0.4390625 0.10390625 0.21484375 0.1296875