22 0.15 0.4109375 0.18046875 0.11875
22 0.22265625 0.61796875 0.2171875 0.2359375
22 0.16796875 0.48984375 0.0703125 0.0796875
22 0.16875 0.4484375 0.02421875 0.06796875
22 0.19453125 0.38125 0.0453125 0.12890625
22 0.271875 0.55625 0.18125 0.20078125
22 0.2734375 0.3234375 0.08984375 0.271875
22 0.2609375 0.36640625 0.059375 0.0640625
22 0.29453125 0.63828125 0.1203125 0.1546875
22 0.2984375 0.35234375 0.090625 0.2359375
22 0.39140625 0.6234375 0.1703125 0.21484375
22 0.3375 0.5140625 0.059375 0.18984375
22 0.33515625 0.359375 0.0484375 0.15078125
22 0.37890625 0.5765625 0.1265625 0.28359375
22 0.3515625 0.3359375 0.065625 0.171875
22 0.39296875 0.4359375 0.0703125 0.25546875
22 0.4234375 0.3765625 0.06875 0.08828125
22 0.50078125 0.4671875 0.2078125 0.11953125
22 0.41875 0.4953125 0.025 0.046875
22 0.5046875 0.4515625 0.153125 0.04921875
22 0.4515625 0.3328125 0.04375 0.08828125
22 0.46796875 0.3359375 0.0390625 0.08359375
22 0.49140625 0.3875 0.0859375 0.04140625
22 0.49609375 0.5609375 0.0640625 0.0375
22 0.5390625 0.4140625 0.06875 0.15390625