2 0.18984375 0.575 0.1796875 0.21875
2 0.2640625 0.871875 0.03046875 0.096875
2 0.290625 0.946875 0.04296875 0.090625
2 0.3015625 0.82265625 0.04375 0.0953125
2 0.3234375 0.94375 0.04296875 0.078125
2 0.3296875 0.828125 0.034375 0.096875
2 0.3546875 0.940625 0.04296875 0.08671875
2 0.36328125 0.83515625 0.0328125 0.1078125
2 0.375 0.95234375 0.03828125 0.0953125
2 0.4046875 0.85078125 0.04296875 0.0921875
2 0.4078125 0.765625 0.04296875 0.07265625
2 0.4109375 0.9484375 0.03046875 0.0625
2 0.434375 0.8625 0.03515625 0.09375