40 0.0796875 0.646875 0.159375 0.22890625
40 0.14765625 0.396875 0.1328125 0.19296875
40 0.1953125 0.171875 0.140625 0.15859375
40 0.2375 0.51875 0.16328125 0.23046875
40 0.2984375 0.27421875 0.13984375 0.1890625
40 0.3578125 0.67109375 0.17265625 0.2328125
40 0.396875 0.40703125 0.15 0.1890625
40 0.43515625 0.18046875 0.1421875 0.1703125
40 0.70078125 0.390625 0.1578125 0.228125
40 0.7109375 0.1421875 0.15234375 0.19296875
40 0.8453125 0.540625 0.178125 0.26171875
40 0.84375 0.2640625 0.15625 0.21875
40 0.95 0.1578125 0.1 0.18984375
40 0.959375 0.425 0.07890625 0.21484375