36 0.0640625 0.5765625 0.08125 0.09765625
36 0.0671875 0.97734375 0.05078125 0.0453125
36 0.06875 0.13984375 0.040625 0.0609375
36 0.06953125 0.09375 0.0359375 0.05234375
36 0.0765625 0.4515625 0.03515625 0.053125
36 0.1578125 0.36171875 0.034375 0.0546875
36 0.1765625 0.321875 0.01171875 0.04296875
36 0.1828125 0.3046875 0.021875 0.0375
36 0.215625 0.2484375 0.034375 0.0375
36 0.371875 0.0203125 0.01953125 0.03671875
36 0.45234375 0.45625 0.0734375 0.103125
36 0.5859375 0.0109375 0.0375 0.021875
36 0.61015625 0.44609375 0.0546875 0.0640625
36 0.6984375 0.14765625 0.053125 0.0921875
36 0.95625 0.109375 0.05859375 0.08203125