36 0.3390625 0.3390625 0.0875 0.11953125
36 0.0265625 0.43515625 0.053125 0.1703125
36 0.02734375 0.5734375 0.0546875 0.12265625
36 0.0453125 0.78125 0.08984375 0.146875
36 0.07578125 0.91328125 0.1421875 0.1703125
36 0.128125 0.540625 0.13125 0.11484375
36 0.14453125 0.43671875 0.1078125 0.1078125
36 0.1609375 0.8171875 0.128125 0.1875
36 0.20625 0.9359375 0.12421875 0.125
36 0.2109375 0.3765625 0.07734375 0.0875
36 0.265625 0.815625 0.128125 0.20703125
36 0.26875 0.6234375 0.11796875 0.16796875
36 0.2796875 0.3234375 0.103125 0.13828125
36 0.3359375 0.1671875 0.09765625 0.11953125
36 0.37421875 0.9046875 0.1546875 0.15234375
36 0.35625 0.5828125 0.0875 0.11484375
36 0.3796875 0.7453125 0.12421875 0.165625
36 0.4359375 0.1453125 0.084375 0.1
36 0.4625 0.528125 0.09765625 0.140625
36 0.4859375 0.6484375 0.11640625 0.12734375
36 0.5203125 0.9046875 0.13125 0.1875
36 0.5421875 0.1234375 0.06171875 0.0875
36 0.575 0.4984375 0.09375 0.109375
36 0.6 0.746875 0.11796875 0.16015625
36 0.60703125 0.4234375 0.0828125 0.103125
36 0.6515625 0.940625 0.15 0.11484375
36 0.61640625 0.33046875 0.0734375 0.0953125
36 0.6265625 0.1796875 0.06953125 0.11171875
36 0.671875 0.29140625 0.065625 0.1078125
36 0.709375 0.84609375 0.140625 0.1546875
36 0.68125 0.5609375 0.07734375 0.125
36 0.7015625 0.4 0.08125 0.07265625
36 0.6953125 0.1109375 0.053125 0.084375
36 0.71796875 0.725 0.0921875 0.125
36 0.7359375 0.2640625 0.053125 0.08203125
36 0.7453125 0.1796875 0.065625 0.078125
36 0.7421875 0.1328125 0.046875 0.06015625
36 0.8 0.834375 0.10859375 0.15234375
36 0.8 0.5703125 0.08984375 0.13828125
36 0.8015625 0.684375 0.07890625 0.14453125
36 0.7984375 0.26640625 0.06171875 0.1078125
36 0.85859375 0.3375 0.0734375 0.109375
36 0.865625 0.7109375 0.05078125 0.15
36 0.90703125 0.70703125 0.0484375 0.1328125
36 0.9234375 0.59921875 0.07734375 0.1078125
36 0.95078125 0.4921875 0.0953125 0.11171875
36 0.98046875 0.58828125 0.0359375 0.1171875