22 0.03828125 0.7234375 0.0765625 0.28671875
22 0.05234375 0.5171875 0.1046875 0.203125
22 0.1 0.796875 0.09453125 0.40390625
22 0.11640625 0.5484375 0.1234375 0.21328125
22 0.17578125 0.725 0.1484375 0.28359375
22 0.18515625 0.475 0.1078125 0.16953125
22 0.265625 0.78125 0.22734375 0.43515625
22 0.18828125 0.278125 0.0609375 0.25
22 0.23125 0.2875 0.103125 0.33359375
22 0.35546875 0.71015625 0.3109375 0.1390625
22 0.29765625 0.5234375 0.1171875 0.32578125
22 0.32421875 0.4640625 0.1484375 0.45546875
22 0.4125 0.503125 0.09453125 0.35390625
22 0.459375 0.8390625 0.18828125 0.13828125