53 0.0203125 0.8390625 0.025 0.0625
53 0.04609375 0.834375 0.0265625 0.053125
53 0.0671875 0.45 0.059375 0.06484375
53 0.059375 0.74375 0.03203125 0.0625
53 0.0703125 0.5046875 0.05 0.05546875
53 0.071875 0.83828125 0.03515625 0.0515625
53 0.0765625 0.6875 0.04375 0.05859375
53 0.071875 0.609375 0.025 0.04921875
53 0.1 0.628125 0.05078125 0.0625
53 0.1171875 0.48046875 0.040625 0.0671875
53 0.11875 0.36875 0.04375 0.05390625
53 0.1171875 0.7453125 0.028125 0.040625
53 0.1265625 0.4265625 0.04765625 0.06015625
53 0.1265625 0.8203125 0.04296875 0.06640625
53 0.11953125 0.69609375 0.0234375 0.0359375
53 0.1484375 0.3078125 0.05 0.04921875
53 0.1515625 0.26015625 0.040625 0.0328125
53 0.165625 0.209375 0.05078125 0.04921875
53 0.18125 0.27734375 0.04765625 0.0515625
53 0.24296875 0.396875 0.0453125 0.05625
53 0.2625 0.896875 0.034375 0.05390625
53 0.2765625 0.9 0.04375 0.04140625
53 0.3015625 0.91953125 0.040625 0.0390625
53 0.321875 0.3125 0.04296875 0.05625
53 0.33125 0.246875 0.04609375 0.05390625
53 0.471875 0.209375 0.19921875 0.40546875
53 0.4546875 0.55 0.09375 0.15234375
53 0.609375 0.6734375 0.20234375 0.16953125
53 0.615625 0.39921875 0.10234375 0.0984375
53 0.740625 0.3921875 0.10625 0.240625
53 0.7359375 0.0609375 0.034375 0.04296875
53 0.7671875 0.06875 0.03828125 0.04921875
53 0.85078125 0.5703125 0.0515625 0.08828125
53 0.8984375 0.49375 0.0375 0.04453125
53 0.9359375 0.6875 0.071875 0.11640625
53 0.9421875 0.58828125 0.0375 0.0390625
53 0.95546875 0.5234375 0.0453125 0.04453125