36 0.271875 0.153125 0.075 0.11171875
36 0.0578125 0.05625 0.115625 0.1125
36 0.04765625 0.20703125 0.0859375 0.1484375
36 0.09140625 0.153125 0.0578125 0.06953125
36 0.10234375 0.5828125 0.0421875 0.06953125
36 0.22109375 0.12265625 0.0578125 0.1046875
36 0.3796875 0.45625 0.028125 0.025
36 0.390625 0.4109375 0.04609375 0.04140625
36 0.46875 0.4984375 0.040625 0.046875
36 0.465625 0.3484375 0.02421875 0.053125
36 0.5203125 0.45625 0.01953125 0.046875
36 0.6578125 0.0484375 0.03203125 0.04140625
36 0.69375 0.0390625 0.021875 0.04453125
36 0.7296875 0.1703125 0.034375 0.06328125
36 0.75625 0.109375 0.025 0.05625