36 0.18984375 0.790625 0.0859375 0.13203125
36 0.0703125 0.946875 0.05625 0.103125
36 0.115625 0.978125 0.103125 0.04296875
36 0.146875 0.9 0.065625 0.078125
36 0.190625 0.9 0.078125 0.06328125
36 0.17265625 0.9625 0.0390625 0.06484375
36 0.21796875 0.9265625 0.0703125 0.09375
36 0.246875 0.85 0.08125 0.06875
36 0.2609375 0.7234375 0.06953125 0.11640625
36 0.2828125 0.9671875 0.1 0.06328125
36 0.30625 0.884375 0.05546875 0.103125
36 0.30625 0.7765625 0.0375 0.08125
36 0.3234375 0.58125 0.065625 0.075
36 0.3390625 0.66875 0.09453125 0.13515625
36 0.36171875 0.91171875 0.0734375 0.1234375
36 0.3734375 0.478125 0.096875 0.11640625
36 0.35625 0.78671875 0.02734375 0.0953125
36 0.3953125 0.9234375 0.078125 0.11171875
36 0.384375 0.79375 0.04765625 0.121875
36 0.3765625 0.61328125 0.02734375 0.0453125
36 0.4015625 0.3984375 0.06953125 0.09296875
36 0.43828125 0.26875 0.0921875 0.11015625
36 0.4390625 0.6796875 0.09453125 0.13515625
36 0.4234375 0.81953125 0.02734375 0.0984375
36 0.45078125 0.80078125 0.0484375 0.0984375
36 0.4671875 0.41953125 0.06953125 0.0984375
36 0.4734375 0.47890625 0.071875 0.1046875
36 0.50625 0.696875 0.10859375 0.146875
36 0.5125 0.55 0.08671875 0.11796875
36 0.525 0.29375 0.0625 0.11328125
36 0.5421875 0.421875 0.06640625 0.13671875
36 0.54375 0.06953125 0.046875 0.1390625
36 0.58671875 0.16328125 0.0984375 0.0984375
36 0.60078125 0.534375 0.1078125 0.13515625
36 0.575 0.09296875 0.05 0.0953125
36 0.63203125 0.34375 0.1421875 0.203125
36 0.596875 0.028125 0.071875 0.05625
36 0.63671875 0.07265625 0.0734375 0.1453125
36 0.6625 0.2171875 0.05859375 0.08828125
36 0.69453125 0.4390625 0.1078125 0.13984375
36 0.69609375 0.090625 0.0921875 0.16875
36 0.7203125 0.20859375 0.065625 0.1046875
36 0.73515625 0.3296875 0.0890625 0.09140625
36 0.73359375 0.02265625 0.0546875 0.0453125
36 0.76953125 0.11484375 0.0546875 0.1296875
36 0.8 0.24375 0.096875 0.16875
36 0.80234375 0.0421875 0.0921875 0.084375
36 0.828125 0.103125 0.10234375 0.09296875
36 0.8765625 0.215625 0.09453125 0.15