0 0.84765625 0.78125 0.1234375 0.14453125
0 0.59296875 0.4203125 0.0546875 0.078125
0 0.6 0.509375 0.03984375 0.053125
0 0.63125 0.5453125 0.05546875 0.06875
0 0.65078125 0.4734375 0.0640625 0.06875
0 0.64609375 0.396875 0.0515625 0.03359375
0 0.6515625 0.43203125 0.05859375 0.0546875
0 0.678125 0.5484375 0.04296875 0.04140625
0 0.69921875 0.46015625 0.0484375 0.0796875
0 0.7171875 0.5734375 0.034375 0.04453125
0 0.74296875 0.50625 0.0578125 0.07421875
0 0.75703125 0.6078125 0.0640625 0.053125
0 0.7875 0.5390625 0.0625 0.07265625
0 0.7875 0.4734375 0.046875 0.05078125
0 0.803125 0.603125 0.034375 0.040625
0 0.83671875 0.4703125 0.0703125 0.05859375
0 0.83125 0.5140625 0.04375 0.07265625
0 0.840625 0.5796875 0.04296875 0.03671875