52 0.6 0.6703125 0.1375 0.125
52 0.26484375 0.68046875 0.1578125 0.1171875
52 0.2953125 0.703125 0.1875 0.121875
52 0.2515625 0.5609375 0.09375 0.140625
52 0.2953125 0.609375 0.13125 0.134375
52 0.31953125 0.71953125 0.1734375 0.1265625
52 0.41875 0.56640625 0.1375 0.1234375
52 0.4421875 0.60078125 0.16875 0.1015625
52 0.46328125 0.7078125 0.1171875 0.140625
52 0.47890625 0.68125 0.1171875 0.140625
52 0.47734375 0.49140625 0.0921875 0.1390625
52 0.5234375 0.5375 0.034375 0.103125
52 0.55703125 0.57734375 0.0546875 0.1703125
52 0.57890625 0.7578125 0.0953125 0.075
52 0.59140625 0.5109375 0.0921875 0.1625
52 0.6203125 0.79453125 0.096875 0.0921875
52 0.634375 0.5390625 0.059375 0.15625
52 0.71640625 0.74296875 0.0796875 0.2046875