15 0.08828125 0.73359375 0.1765625 0.3109375
15 0.09140625 0.4 0.1828125 0.371875
15 0.1953125 0.12421875 0.33515625 0.2484375
15 0.26484375 0.428125 0.3921875 0.37890625
15 0.24453125 0.8609375 0.1921875 0.27265625
15 0.3734375 0.73125 0.39375 0.37109375
15 0.4328125 0.296875 0.25 0.346875
15 0.55078125 0.8640625 0.4515625 0.26953125
15 0.5375 0.0765625 0.34453125 0.153125
15 0.5640625 0.2125 0.3375 0.321875
15 0.6203125 0.51875 0.34765625 0.34296875
15 0.75078125 0.67890625 0.3296875 0.3609375
15 0.8125 0.30703125 0.33515625 0.3515625
15 0.83203125 0.8625 0.1453125 0.1875
15 0.890625 0.5234375 0.215625 0.33515625