56 0.73046875 0.85 0.3203125 0.26015625
56 0.12890625 0.62578125 0.1984375 0.1703125
56 0.13984375 0.4828125 0.1953125 0.153125
56 0.203125 0.78203125 0.253125 0.2140625
56 0.2171875 0.3828125 0.11328125 0.14140625
56 0.290625 0.3125 0.15 0.13828125
56 0.4546875 0.87890625 0.259375 0.2171875
56 0.40546875 0.3078125 0.0890625 0.10078125
56 0.7703125 0.378125 0.11015625 0.12578125
56 0.84140625 0.4671875 0.1640625 0.15
56 0.8921875 0.7375 0.21484375 0.15390625
56 0.9203125 0.5890625 0.15703125 0.13984375