36 0.390625 0.1 0.03046875 0.034375
36 0.40078125 0.05078125 0.0203125 0.0203125
36 0.5515625 0.1265625 0.06171875 0.01484375
36 0.5609375 0.046875 0.01484375 0.021875
36 0.609375 0.06015625 0.040625 0.0234375
36 0.66484375 0.0078125 0.0296875 0.015625
36 0.6921875 0.0484375 0.03828125 0.01640625
36 0.7265625 0.0109375 0.046875 0.01875
36 0.765625 0.0515625 0.040625 0.0375
36 0.78671875 0.0078125 0.0390625 0.015625
36 0.89375 0.13828125 0.00703125 0.0109375
36 0.92890625 0.134375 0.0453125 0.03046875
36 0.92421875 0.065625 0.0203125 0.025
36 0.9625 0.0109375 0.065625 0.021875
36 0.9578125 0.1578125 0.03046875 0.02734375