15 0.1015625 0.73203125 0.20234375 0.2921875
15 0.12421875 0.4796875 0.2484375 0.20625
15 0.1578125 0.92265625 0.315625 0.1546875
15 0.19921875 0.403125 0.3984375 0.24140625
15 0.265625 0.74375 0.31484375 0.40625
15 0.33203125 0.1890625 0.4109375 0.27265625
15 0.41015625 0.05546875 0.3296875 0.1109375
15 0.58515625 0.88046875 0.4546875 0.2390625
15 0.4390625 0.6984375 0.134375 0.24375
15 0.44765625 0.396875 0.1265625 0.43359375
15 0.6640625 0.7265625 0.37421875 0.33515625
15 0.53515625 0.2578125 0.0921875 0.10546875
15 0.70546875 0.225 0.3828125 0.37421875
15 0.89765625 0.58125 0.2046875 0.346875
15 0.921875 0.36875 0.15625 0.19140625
15 0.93671875 0.26640625 0.1265625 0.0921875
15 0.9625 0.70859375 0.07421875 0.1859375