23 0.18125 0.134375 0.18046875 0.23046875
23 0.3890625 0.1203125 0.18984375 0.23515625
23 0.59609375 0.12109375 0.1890625 0.2265625
23 0.79921875 0.1234375 0.1921875 0.23203125
23 0.8875 0.3703125 0.16875 0.25546875
23 0.6859375 0.3703125 0.18203125 0.25
23 0.4859375 0.3671875 0.19296875 0.24453125
23 0.28359375 0.375 0.1859375 0.24140625
23 0.0890625 0.38671875 0.16640625 0.2453125
23 0.19609375 0.621875 0.1859375 0.24375
23 0.3921875 0.6203125 0.18984375 0.25078125
23 0.59375 0.6328125 0.17421875 0.246875
23 0.7921875 0.6375 0.19453125 0.25625
23 0.8953125 0.8703125 0.184375 0.259375
23 0.70078125 0.87890625 0.1859375 0.2265625
23 0.5015625 0.8765625 0.18671875 0.23125
23 0.2953125 0.8734375 0.196875 0.22890625
23 0.103125 0.87890625 0.17734375 0.2171875