23 0.5890625 0.36484375 0.12890625 0.1703125
23 0.78984375 0.3859375 0.0796875 0.11484375
23 0.6546875 0.57421875 0.10546875 0.1140625
23 0.52734375 0.57890625 0.0796875 0.0890625
23 0.39453125 0.50859375 0.0890625 0.1328125
23 0.36875 0.2734375 0.140625 0.11640625
23 0.4875 0.13984375 0.1125 0.1296875
23 0.165625 0.290625 0.11171875 0.12734375
23 0.1875 0.4265625 0.075 0.11640625
23 0.25625 0.66328125 0.115625 0.1796875
23 0.4609375 0.821875 0.125 0.146875
23 0.6765625 0.86484375 0.14296875 0.1046875
23 0.9375 0.86328125 0.07578125 0.0890625
23 0.959375 0.3828125 0.07890625 0.16015625
23 0.95703125 0.1671875 0.0859375 0.14296875
23 0.746875 0.140625 0.12578125 0.16171875
23 0.259375 0.8640625 0.10234375 0.1
23 0.08125 0.8734375 0.07578125 0.09453125
23 0.071875 0.71171875 0.09765625 0.1265625
23 0.0359375 0.509375 0.06796875 0.184375
23 0.053125 0.16484375 0.103125 0.1453125
23 0.2921875 0.09375 0.07421875 0.08515625
23 0.79375 0.6609375 0.13359375 0.146875
23 0.95625 0.64375 0.0875 0.15703125