23 0.596875 0.49375 0.240625 0.3875
23 0.778125 0.7734375 0.26015625 0.37421875
23 0.4328125 0.7515625 0.25234375 0.35234375
23 0.2484375 0.4828125 0.22265625 0.30859375
23 0.42421875 0.23046875 0.2359375 0.3328125
23 0.76796875 0.246875 0.2234375 0.36171875
23 0.90625 0.4984375 0.18515625 0.371875
23 0.11015625 0.75 0.2140625 0.39453125
23 0.2515625 0.8984375 0.26484375 0.20078125
23 0.5953125 0.909375 0.265625 0.18046875
23 0.2609375 0.10078125 0.259375 0.1984375
23 0.1125 0.23515625 0.21953125 0.3859375
23 0.5921875 0.0921875 0.284375 0.17578125