52 0.19765625 0.1296875 0.1390625 0.15859375
52 0.35234375 0.1640625 0.1453125 0.14765625
52 0.37421875 0.346875 0.1421875 0.14609375
52 0.2390625 0.428125 0.146875 0.14140625
52 0.23671875 0.2890625 0.1390625 0.14140625
52 0.09375 0.2296875 0.15 0.1375
52 0.1 0.3625 0.134375 0.11875
52 0.684375 0.628125 0.13125 0.1375
52 0.84765625 0.646875 0.1484375 0.14453125
52 0.896875 0.790625 0.159375 0.14296875
52 0.79453125 0.915625 0.1453125 0.13125
52 0.7375 0.76875 0.15 0.134375
52 0.59375 0.7484375 0.13125 0.15078125
52 0.64140625 0.8890625 0.1453125 0.1375
2 0.6265625 0.1546875 0.171875 0.15703125
2 0.8 0.15 0.159375 0.16953125
2 0.8859375 0.29375 0.16875 0.14453125
2 0.71328125 0.2828125 0.1484375 0.14453125
2 0.74453125 0.428125 0.1453125 0.15859375
2 0.58515625 0.3421875 0.1359375 0.15703125
2 0.221875 0.6265625 0.14375 0.15390625
2 0.37578125 0.6734375 0.1578125 0.14609375
2 0.38125 0.8421875 0.134375 0.15234375
2 0.2671875 0.7625 0.14375 0.128125
2 0.22109375 0.90390625 0.1578125 0.1359375
2 0.11953125 0.7609375 0.1484375 0.15546875